-1.894303262233734131e-01
8.171569555997848511e-02
-9.925438091158866882e-03
-7.826746255159378052e-02
-8.458117395639419556e-02
-4.023462906479835510e-02
-1.878200843930244446e-02
-1.282083243131637573e-01
1.280145943164825439e-01
-1.286121308803558350e-01
2.063155770301818848e-01
-3.675917536020278931e-02
-1.790401637554168701e-01
-1.032493039965629578e-01
-6.442636996507644653e-02
1.557715833187103271e-01
-2.327507883310317993e-01
-1.298631429672241211e-01
-1.793772168457508087e-02
-2.439948916435241699e-02
8.085712790489196777e-02
2.476677764207124710e-03
3.993653133511543274e-02
6.055080518126487732e-02
-9.197677671909332275e-02
-3.745024800300598145e-01
-7.063230127096176147e-02
-1.125437617301940918e-01
7.140585780143737793e-02
-4.136377573013305664e-02
3.145292866975069046e-03
-7.829995825886726379e-03
-1.707533448934555054e-01
-9.309796616435050964e-03
1.168660447001457214e-02
6.802576035261154175e-02
1.350423134863376617e-02
1.123993750661611557e-02
1.966471672058105469e-01
-3.000707551836967468e-02
-2.506603300571441650e-01
5.924426019191741943e-03
4.598626494407653809e-02
3.026008009910583496e-01
2.310266643762588501e-01
3.799061849713325500e-02
-1.246310397982597351e-02
-1.527655273675918579e-01
1.690868586301803589e-01
-1.584795415401458740e-01
3.588428720831871033e-03
1.337297856807708740e-01
5.358261987566947937e-02
2.102334611117839813e-02
-6.545717827975749969e-03
-1.249479949474334717e-01
3.926830738782882690e-02
1.356207132339477539e-01
-1.562236547470092773e-01
2.327957563102245331e-02
7.432337850332260132e-02
-4.650922864675521851e-02
3.463453054428100586e-02
-5.761095881462097168e-02
2.427134513854980469e-01
-4.009117837995290756e-03
-1.801677495241165161e-01
-1.326380223035812378e-01
1.382183134555816650e-01
-1.768332421779632568e-01
-3.399599343538284302e-02
3.117203153669834137e-02
-1.618412435054779053e-01
-2.043485790491104126e-01
-3.367829918861389160e-01
8.806604892015457153e-04
4.072138667106628418e-01
1.472363024950027466e-01
-1.321362406015396118e-01
3.809157758951187134e-02
-6.710545718669891357e-02
-2.558799460530281067e-04
1.513877511024475098e-01
1.983243525028228760e-01
-6.786143779754638672e-02
-6.394287571310997009e-03
-7.047624886035919189e-02
9.008788503706455231e-03
1.938027441501617432e-01
-4.670677706599235535e-03
-4.808282479643821716e-02
1.999440640211105347e-01
-1.696387305855751038e-02
1.104935333132743835e-01
-1.373739913105964661e-02
5.186930671334266663e-02
-1.272962540388107300e-01
4.024212807416915894e-02
-1.371940523386001587e-01
1.983255334198474884e-02
-5.580142885446548462e-02
-4.865069687366485596e-02
3.885410726070404053e-02
1.705271154642105103e-01
-1.672825664281845093e-01
1.807246953248977661e-01
1.609221566468477249e-03
6.574561446905136108e-02
-2.062924019992351532e-02
2.791980654001235962e-02
-4.739064723253250122e-02
-3.848761692643165588e-02
8.944558352231979370e-02
-1.923240721225738525e-01
2.286435216665267944e-01
2.387720495462417603e-01
1.358400136232376099e-01
1.475255787372589111e-01
1.311314404010772705e-01
1.797889359295368195e-03
-1.404365058988332748e-02
2.815729379653930664e-02
-2.361175566911697388e-01
3.081763535737991333e-02
5.923132598400115967e-02
-1.071100085973739624e-01
1.246151998639106750e-01
2.114660106599330902e-03
