0.000000000000000000e+00 0.000000000000000000e+00 0.000000000000000000e+00
3.847656250000000000e+01 4.541206359863281250e+01 1.316841230738194213e+02
1.065139770507812500e+01 8.762321472167968750e+01 6.565409391870107925e+01
4.392395019531250000e+01 1.265155792236328125e+02 -8.804833205923471295e-01
8.166275024414062500e+01 1.605194091796875000e+02 -2.912514391880938547e+01
1.046592712402343750e+02 2.050922393798828125e+02 -2.947220255709936509e+01
1.357749938964843750e+02 2.456188201904296875e+02 -3.864260316884919888e+01
1.650402069091796875e+02 2.885562896728515625e+02 -3.856504222190085329e+01
1.903667449951171875e+02 2.434654235839843750e+02 -1.208905354023479646e+02
1.559581756591796875e+02 2.063308715820312500e+02 1.746027076230619173e+02
1.194171905517578125e+02 1.699684143066406250e+02 1.515538793100482451e+02
9.589004516601562500e+01 1.225070953369140625e+02 1.508205879127057756e+02
6.677169799804687500e+01 8.089103698730468750e+01 1.429360788545673415e+02
3.790473937988281250e+01 3.938407897949218750e+01 1.418553111588816478e+02
3.537750244140625000e+00 2.357101440429687500e+00 1.374757656021541266e+02
5.420036315917968750e+01 5.561828613281250000e-01 -1.459096981706241252e+02
9.033203125000000000e+01 3.533668518066406250e+01 -8.821980753855950752e+01
8.944282531738281250e+01 8.636932373046875000e+01 -3.404875463554962067e+01
1.146812438964843750e+02 1.301536560058593750e+02 -2.916659132688759826e+01
